111111111100000000000
111111111001000000000
111111111000100000000
111111111000010000000
111111110010010000000
111111110001100000000
111111111000001000000
111111110010001000000
111111110001001000000
111111110000110000000
111111100100110000000
111111111000000100000
111111110010000100000
111111110001000100000
111111110000100100000
111111100100100100000
111111100011000100000
111111110000011000000
111111100100011000000
111111100010011000000
111111100001110000000
111111100001100100000
111111001001110000000
111111001001100100000
111111111000000010000
111111110010000010000
111111110001000010000
111111110000100010000
111111100100100010000
111111100011000010000
111111110000010010000
111111100100010010000
111111100010010010000
111111100001100010000
111111001001100010000
111111110000001100000
111111100100001100000
111111100010001100000
111111100001001100000
111111001001001100000
111111000110001100000
111111100000111000000
111111100000110010000
111111001000111000000
111111001000110010000
111111000100111000000
111111000100110010000
111111111000000001000
111111110010000001000
111111110001000001000
111111110000100001000
111111100100100001000
111111100011000001000
111111110000010001000
111111100100010001000
111111100010010001000
111111100001100001000
111111001001100001000
111111110000001001000
111111100100001001000
111111100010001001000
111111100001001001000
111111001001001001000
111111000110001001000
111111100000110001000
111111001000110001000
111111000100110001000
111111000011100001000
111111000011001001000
111110010011100001000
111110010011001001000
111111110000000110000
111111100100000110000
111111100010000110000
111111100001000110000
111111001001000110000
111111000110000110000
111111100000100110000
111111001000100110000
111111000100100110000
111111000011000110000
111110010011000110000
111111100000011100000
111111100000011001000
111111001000011100000
111111001000011001000
111111000100011100000
111111000100011001000
111111000010011100000
111111000010011001000
111110010010011100000
111110010010011001000
111110001100011100000
111110001100011001000
111111000001111000000
111111000001110010000
111111000001110001000
111110010001111000000
111110010001110010000
111110010001110001000
111110001001111000000
111110001001110010000
111110001001110001000
111111111000000000100
111111110010000000100
111111110001000000100
111111110000100000100
111111100100100000100
111111100011000000100
111111110000010000100
111111100100010000100
111111100010010000100
111111100001100000100
111111001001100000100
111111110000001000100
111111100100001000100
111111100010001000100
111111100001001000100
111111001001001000100
111111000110001000100
111111100000110000100
111111001000110000100
111111000100110000100
111111000011100000100
111111000011001000100
111110010011100000100
111110010011001000100
111111110000000100100
111111100100000100100
111111100010000100100
111111100001000100100
111111001001000100100
111111000110000100100
111111100000100100100
111111001000100100100
111111000100100100100
111111000011000100100
111110010011000100100
111111100000011000100
111111001000011000100
111111000100011000100
111111000010011000100
111110010010011000100
111110001100011000100
111111000001110000100
111111000001100100100
111110010001110000100
111110010001100100100
111110001001110000100
111110001001100100100
111111110000000011000
111111100100000011000
111111100010000011000
111111100001000011000
111111001001000011000
111111000110000011000
111111100000100011000
111111001000100011000
111111000100100011000
111111000011000011000
111110010011000011000
111111100000010011000
111111001000010011000
111111000100010011000
111111000010010011000
111110010010010011000
111110001100010011000
111111000001100011000
111110010001100011000
111110001001100011000
111110000111000011000
111110000110010011000
111100100111000011000
111100100110010011000
111111100000001110000
111111100000001100100
111111001000001110000
111111001000001100100
111111000100001110000
111111000100001100100
111111000010001110000
111111000010001100100
111110010010001110000
111110010010001100100
111110001100001110000
111110001100001100100
111111000001001110000
111111000001001100100
111110010001001110000
111110010001001100100
111110001001001110000
111110001001001100100
111110000110001110000
111110000110001100100
111100100110001110000
111100100110001100100
111111000000111100000
111111000000111001000
111111000000111000100
111110010000111100000
111110010000111001000
111110010000111000100
111110001000111100000
111110001000111001000
111110001000111000100
111110000100111100000
111110000100111001000
111110000100111000100
111100100100111100000
111100100100111001000
111100100100111000100
111100011000111100000
111100011000111001000
111100011000111000100
