11111111111000000000000
11111111110010000000000
11111111110001000000000
11111111110000100000000
11111111100100100000000
11111111100011000000000
11111111110000010000000
11111111100100010000000
11111111100010010000000
11111111100001100000000
11111111001001100000000
11111111110000001000000
11111111100100001000000
11111111100010001000000
11111111100001001000000
11111111001001001000000
11111111000110001000000
11111111100000110000000
11111111001000110000000
11111111000100110000000
11111111000011100000000
11111111000011001000000
11111110010011100000000
11111110010011001000000
11111111110000000100000
11111111100100000100000
11111111100010000100000
11111111100001000100000
11111111001001000100000
11111111000110000100000
11111111100000100100000
11111111001000100100000
11111111000100100100000
11111111000011000100000
11111110010011000100000
11111111100000011000000
11111111001000011000000
11111111000100011000000
11111111000010011000000
11111110010010011000000
11111110001100011000000
11111111000001110000000
11111111000001100100000
11111110010001110000000
11111110010001100100000
11111110001001110000000
11111110001001100100000
11111111110000000010000
11111111100100000010000
11111111100010000010000
11111111100001000010000
11111111001001000010000
11111111000110000010000
11111111100000100010000
11111111001000100010000
11111111000100100010000
11111111000011000010000
11111110010011000010000
11111111100000010010000
11111111001000010010000
11111111000100010010000
11111111000010010010000
11111110010010010010000
11111110001100010010000
11111111000001100010000
11111110010001100010000
11111110001001100010000
11111110000111000010000
11111110000110010010000
11111100100111000010000
11111100100110010010000
11111111100000001100000
11111111001000001100000
11111111000100001100000
11111111000010001100000
11111110010010001100000
11111110001100001100000
11111111000001001100000
11111110010001001100000
11111110001001001100000
11111110000110001100000
11111100100110001100000
11111111000000111000000
11111111000000110010000
11111110010000111000000
11111110010000110010000
11111110001000111000000
11111110001000110010000
11111110000100111000000
11111110000100110010000
11111100100100111000000
11111100100100110010000
11111100011000111000000
11111100011000110010000
11111110000011110000000
11111110000011100100000
11111110000011100010000
11111100100011110000000
11111100100011100100000
11111100100011100010000
11111100010011110000000
11111100010011100100000
11111100010011100010000
11111111110000000001000
11111111100100000001000
11111111100010000001000
11111111100001000001000
11111111001001000001000
11111111000110000001000
11111111100000100001000
11111111001000100001000
11111111000100100001000
11111111000011000001000
11111110010011000001000
11111111100000010001000
11111111001000010001000
11111111000100010001000
11111111000010010001000
11111110010010010001000
11111110001100010001000
11111111000001100001000
11111110010001100001000
11111110001001100001000
11111110000111000001000
11111110000110010001000
11111100100111000001000
11111100100110010001000
11111111100000001001000
11111111001000001001000
11111111000100001001000
11111111000010001001000
11111110010010001001000
11111110001100001001000
11111111000001001001000
11111110010001001001000
11111110001001001001000
11111110000110001001000
11111100100110001001000
11111111000000110001000
11111110010000110001000
11111110001000110001000
11111110000100110001000
11111100100100110001000
11111100011000110001000
11111110000011100001000
11111110000011001001000
11111100100011100001000
11111100100011001001000
11111100010011100001000
11111100010011001001000
11111111100000000110000
11111111001000000110000
11111111000100000110000
11111111000010000110000
11111110010010000110000
11111110001100000110000
11111111000001000110000
11111110010001000110000
11111110001001000110000
11111110000110000110000
11111100100110000110000
11111111000000100110000
11111110010000100110000
11111110001000100110000
11111110000100100110000
11111100100100100110000
11111100011000100110000
11111110000011000110000
11111100100011000110000
11111100010011000110000
11111100001110000110000
11111100001100100110000
11111001001110000110000
11111001001100100110000
11111111000000011100000
11111111000000011001000
11111110010000011100000
11111110010000011001000
11111110001000011100000
11111110001000011001000
11111110000100011100000
11111110000100011001000
11111100100100011100000
11111100100100011001000
11111100011000011100000
11111100011000011001000
11111110000010011100000
11111110000010011001000
11111100100010011100000
11111100100010011001000
11111100010010011100000
11111100010010011001000
11111100001100011100000
11111100001100011001000
11111001001100011100000
11111001001100011001000
11111110000001111000000
11111110000001110010000
11111110000001110001000
11111100100001111000000
11111100100001110010000
11111100100001110001000
11111100010001111000000
11111100010001110010000
11111100010001110001000
11111100001001111000000
11111100001001110010000
11111100001001110001000
11111001001001111000000
11111001001001110010000
11111001001001110001000
11111000110001111000000
11111000110001110010000
11111000110001110001000
11111111110000000000100
11111111100100000000100
11111111100010000000100
11111111100001000000100
11111111001001000000100
11111111000110000000100
11111111100000100000100
11111111001000100000100
11111111000100100000100
11111111000011000000100
11111110010011000000100
11111111100000010000100
11111111001000010000100
11111111000100010000100
11111111000010010000100
11111110010010010000100
11111110001100010000100
11111111000001100000100
11111110010001100000100
11111110001001100000100
11111110000111000000100
11111110000110010000100
11111100100111000000100
11111100100110010000100
11111111100000001000100
11111111001000001000100
11111111000100001000100
11111111000010001000100
11111110010010001000100
11111110001100001000100
11111111000001001000100
11111110010001001000100
11111110001001001000100
11111110000110001000100
11111100100110001000100
11111111000000110000100
11111110010000110000100
11111110001000110000100
11111110000100110000100
11111100100100110000100
11111100011000110000100
11111110000011100000100
11111110000011001000100
11111100100011100000100
11111100100011001000100
11111100010011100000100
11111100010011001000100
11111111100000000100100
11111111001000000100100
11111111000100000100100
11111111000010000100100
11111110010010000100100
11111110001100000100100
11111111000001000100100
11111110010001000100100
11111110001001000100100
11111110000110000100100
11111100100110000100100
11111111000000100100100
11111110010000100100100
11111110001000100100100
11111110000100100100100
11111100100100100100100
11111100011000100100100
11111110000011000100100
11111100100011000100100
11111100010011000100100
11111100001110000100100
11111100001100100100100
11111001001110000100100
11111001001100100100100
11111111000000011000100
11111110010000011000100
11111110001000011000100
11111110000100011000100
11111100100100011000100
11111100011000011000100
11111110000010011000100
11111100100010011000100
11111100010010011000100
11111100001100011000100
11111001001100011000100
11111110000001110000100
11111110000001100100100
11111100100001110000100
11111100100001100100100
11111100010001110000100
11111100010001100100100
11111100001001110000100
11111100001001100100100
11111001001001110000100
11111001001001100100100
11111000110001110000100
11111000110001100100100
11111100000111100000100
11111100000111001000100
11111100000111000100100
11111001000111100000100
11111001000111001000100
11111001000111000100100
11111000100111100000100
11111000100111001000100
11111000100111000100100
11111111100000000011000
11111111001000000011000
11111111000100000011000
11111111000010000011000
11111110010010000011000
11111110001100000011000
11111111000001000011000
11111110010001000011000
11111110001001000011000
11111110000110000011000
11111100100110000011000
11111111000000100011000
11111110010000100011000
11111110001000100011000
11111110000100100011000
11111100100100100011000
11111100011000100011000
11111110000011000011000
11111100100011000011000
11111100010011000011000
11111100001110000011000
11111100001100100011000
11111001001110000011000
11111001001100100011000
11111111000000010011000
11111110010000010011000
11111110001000010011000
11111110000100010011000
11111100100100010011000
11111100011000010011000
11111110000010010011000
11111100100010010011000
11111100010010010011000
11111100001100010011000
11111001001100010011000
11111110000001100011000
11111100100001100011000
11111100010001100011000
11111100001001100011000
11111001001001100011000
11111000110001100011000
11111100000111000011000
11111100000110010011000
11111001000111000011000
11111001000110010011000
11111000100111000011000
11111000100110010011000
11111111000000001110000
11111111000000001100100
11111110010000001110000
11111110010000001100100
11111110001000001110000
11111110001000001100100
11111110000100001110000
11111110000100001100100
11111100100100001110000
11111100100100001100100
11111100011000001110000
11111100011000001100100
11111110000010001110000
11111110000010001100100
11111100100010001110000
11111100100010001100100
11111100010010001110000
11111100010010001100100
11111100001100001110000
11111100001100001100100
11111001001100001110000
11111001001100001100100
11111110000001001110000
11111110000001001100100
11111100100001001110000
11111100100001001100100
11111100010001001110000
11111100010001001100100
11111100001001001110000
11111100001001001100100
11111001001001001110000
11111001001001001100100
11111000110001001110000
11111000110001001100100
11111100000110001110000
11111100000110001100100
11111001000110001110000
11111001000110001100100
11111000100110001110000
11111000100110001100100
11111000011100001110000
11111000011100001100100
11111000011001001110000
11111000011001001100100
11110010011100001110000
11110010011100001100100
11110010011001001110000
11110010011001001100100
11111110000000111100000
11111110000000111001000
11111110000000111000100
11111100100000111100000
11111100100000111001000
11111100100000111000100
11111100010000111100000
11111100010000111001000
11111100010000111000100
11111100001000111100000
11111100001000111001000
11111100001000111000100
11111001001000111100000
11111001001000111001000
11111001001000111000100
11111000110000111100000
11111000110000111001000
11111000110000111000100
11111100000100111100000
11111100000100111001000
11111100000100111000100
11111001000100111100000
11111001000100111001000
11111001000100111000100
11111000100100111100000
11111000100100111001000
11111000100100111000100
11111000011000111100000
11111000011000111001000
11111000011000111000100
11110010011000111100000
11110010011000111001000
11110010011000111000100
11111100000011111000000
11111100000011110010000
11111100000011110001000
11111100000011110000100
11111100000011100100100
11111100000011100011000
11111001000011111000000
11111001000011110010000
11111001000011110001000
11111001000011110000100
11111001000011100100100
11111001000011100011000
11111000100011111000000
11111000100011110010000
11111000100011110001000
11111000100011110000100
11111000100011100100100
11111000100011100011000
11111000010011111000000
11111000010011110010000
11111000010011110001000
11111000010011110000100
11111000010011100100100
11111000010011100011000
11110010010011111000000
11110010010011110010000
11110010010011110001000
11110010010011110000100
11110010010011100100100
11110010010011100011000
11110001100011111000000
11110001100011110010000
11110001100011110001000
11110001100011110000100
11110001100011100100100
11110001100011100011000
