1111111111110000000000000
1111111111100100000000000
1111111111100010000000000
1111111111100001000000000
1111111111001001000000000
1111111111000110000000000
1111111111100000100000000
1111111111001000100000000
1111111111000100100000000
1111111111000011000000000
1111111110010011000000000
1111111111100000010000000
1111111111001000010000000
1111111111000100010000000
1111111111000010010000000
1111111110010010010000000
1111111110001100010000000
1111111111000001100000000
1111111110010001100000000
1111111110001001100000000
1111111110000111000000000
1111111110000110010000000
1111111100100111000000000
1111111100100110010000000
1111111111100000001000000
1111111111001000001000000
1111111111000100001000000
1111111111000010001000000
1111111110010010001000000
1111111110001100001000000
1111111111000001001000000
1111111110010001001000000
1111111110001001001000000
1111111110000110001000000
1111111100100110001000000
1111111111000000110000000
1111111110010000110000000
1111111110001000110000000
1111111110000100110000000
1111111100100100110000000
1111111100011000110000000
1111111110000011100000000
1111111110000011001000000
1111111100100011100000000
1111111100100011001000000
1111111100010011100000000
1111111100010011001000000
1111111111100000000100000
1111111111001000000100000
1111111111000100000100000
1111111111000010000100000
1111111110010010000100000
1111111110001100000100000
1111111111000001000100000
1111111110010001000100000
1111111110001001000100000
1111111110000110000100000
1111111100100110000100000
1111111111000000100100000
1111111110010000100100000
1111111110001000100100000
1111111110000100100100000
1111111100100100100100000
1111111100011000100100000
1111111110000011000100000
1111111100100011000100000
1111111100010011000100000
1111111100001110000100000
1111111100001100100100000
1111111001001110000100000
1111111001001100100100000
1111111111000000011000000
1111111110010000011000000
1111111110001000011000000
1111111110000100011000000
1111111100100100011000000
1111111100011000011000000
1111111110000010011000000
1111111100100010011000000
1111111100010010011000000
1111111100001100011000000
1111111001001100011000000
1111111110000001110000000
1111111110000001100100000
1111111100100001110000000
1111111100100001100100000
1111111100010001110000000
1111111100010001100100000
1111111100001001110000000
1111111100001001100100000
1111111001001001110000000
1111111001001001100100000
1111111000110001110000000
1111111000110001100100000
1111111100000111100000000
1111111100000111001000000
1111111100000111000100000
1111111001000111100000000
1111111001000111001000000
1111111001000111000100000
1111111000100111100000000
1111111000100111001000000
1111111000100111000100000
1111111111100000000010000
1111111111001000000010000
1111111111000100000010000
1111111111000010000010000
1111111110010010000010000
1111111110001100000010000
1111111111000001000010000
1111111110010001000010000
1111111110001001000010000
1111111110000110000010000
1111111100100110000010000
1111111111000000100010000
1111111110010000100010000
1111111110001000100010000
1111111110000100100010000
1111111100100100100010000
1111111100011000100010000
1111111110000011000010000
1111111100100011000010000
1111111100010011000010000
1111111100001110000010000
1111111100001100100010000
1111111001001110000010000
1111111001001100100010000
1111111111000000010010000
1111111110010000010010000
1111111110001000010010000
1111111110000100010010000
1111111100100100010010000
1111111100011000010010000
1111111110000010010010000
1111111100100010010010000
1111111100010010010010000
1111111100001100010010000
1111111001001100010010000
1111111110000001100010000
1111111100100001100010000
1111111100010001100010000
1111111100001001100010000
1111111001001001100010000
1111111000110001100010000
1111111100000111000010000
1111111100000110010010000
1111111001000111000010000
1111111001000110010010000
1111111000100111000010000
1111111000100110010010000
1111111111000000001100000
1111111110010000001100000
1111111110001000001100000
1111111110000100001100000
1111111100100100001100000
1111111100011000001100000
1111111110000010001100000
1111111100100010001100000
1111111100010010001100000
1111111100001100001100000
1111111001001100001100000
1111111110000001001100000
1111111100100001001100000
1111111100010001001100000
1111111100001001001100000
1111111001001001001100000
1111111000110001001100000
1111111100000110001100000
1111111001000110001100000
1111111000100110001100000
1111111000011100001100000
1111111000011001001100000
1111110010011100001100000
1111110010011001001100000
1111111110000000111000000
1111111110000000110010000
1111111100100000111000000
1111111100100000110010000
1111111100010000111000000
1111111100010000110010000
1111111100001000111000000
1111111100001000110010000
1111111001001000111000000
1111111001001000110010000
1111111000110000111000000
1111111000110000110010000
1111111100000100111000000
1111111100000100110010000
1111111001000100111000000
1111111001000100110010000
1111111000100100111000000
1111111000100100110010000
1111111000011000111000000
1111111000011000110010000
1111110010011000111000000
1111110010011000110010000
1111111100000011110000000
1111111100000011100100000
1111111100000011100010000
1111111001000011110000000
1111111001000011100100000
1111111001000011100010000
1111111000100011110000000
1111111000100011100100000
1111111000100011100010000
1111111000010011110000000
1111111000010011100100000
1111111000010011100010000
1111110010010011110000000
1111110010010011100100000
1111110010010011100010000
1111110001100011110000000
1111110001100011100100000
1111110001100011100010000
1111111111100000000001000
1111111111001000000001000
1111111111000100000001000
1111111111000010000001000
1111111110010010000001000
1111111110001100000001000
1111111111000001000001000
1111111110010001000001000
1111111110001001000001000
1111111110000110000001000
1111111100100110000001000
1111111111000000100001000
1111111110010000100001000
1111111110001000100001000
1111111110000100100001000
1111111100100100100001000
1111111100011000100001000
1111111110000011000001000
1111111100100011000001000
1111111100010011000001000
1111111100001110000001000
1111111100001100100001000
1111111001001110000001000
1111111001001100100001000
1111111111000000010001000
1111111110010000010001000
1111111110001000010001000
1111111110000100010001000
1111111100100100010001000
1111111100011000010001000
1111111110000010010001000
1111111100100010010001000
1111111100010010010001000
1111111100001100010001000
1111111001001100010001000
1111111110000001100001000
1111111100100001100001000
1111111100010001100001000
1111111100001001100001000
1111111001001001100001000
1111111000110001100001000
1111111100000111000001000
1111111100000110010001000
1111111001000111000001000
1111111001000110010001000
1111111000100111000001000
1111111000100110010001000
1111111111000000001001000
1111111110010000001001000
1111111110001000001001000
1111111110000100001001000
1111111100100100001001000
1111111100011000001001000
1111111110000010001001000
1111111100100010001001000
1111111100010010001001000
1111111100001100001001000
1111111001001100001001000
1111111110000001001001000
1111111100100001001001000
1111111100010001001001000
1111111100001001001001000
1111111001001001001001000
1111111000110001001001000
1111111100000110001001000
1111111001000110001001000
1111111000100110001001000
1111111000011100001001000
1111111000011001001001000
1111110010011100001001000
1111110010011001001001000
1111111110000000110001000
1111111100100000110001000
1111111100010000110001000
1111111100001000110001000
1111111001001000110001000
1111111000110000110001000
1111111100000100110001000
1111111001000100110001000
1111111000100100110001000
1111111000011000110001000
1111110010011000110001000
1111111100000011100001000
1111111100000011001001000
1111111001000011100001000
1111111001000011001001000
1111111000100011100001000
1111111000100011001001000
1111111000010011100001000
1111111000010011001001000
1111110010010011100001000
1111110010010011001001000
1111110001100011100001000
1111110001100011001001000
1111111000001111000001000
1111111000001110010001000
1111111000001110001001000
1111110010001111000001000
1111110010001110010001000
1111110010001110001001000
1111110001001111000001000
1111110001001110010001000
1111110001001110001001000
1111111111000000000110000
1111111110010000000110000
1111111110001000000110000
1111111110000100000110000
1111111100100100000110000
1111111100011000000110000
1111111110000010000110000
1111111100100010000110000
1111111100010010000110000
1111111100001100000110000
1111111001001100000110000
1111111110000001000110000
1111111100100001000110000
1111111100010001000110000
1111111100001001000110000
1111111001001001000110000
1111111000110001000110000
1111111100000110000110000
1111111001000110000110000
1111111000100110000110000
1111111000011100000110000
1111111000011001000110000
1111110010011100000110000
1111110010011001000110000
1111111110000000100110000
1111111100100000100110000
1111111100010000100110000
1111111100001000100110000
1111111001001000100110000
1111111000110000100110000
1111111100000100100110000
1111111001000100100110000
1111111000100100100110000
1111111000011000100110000
1111110010011000100110000
1111111100000011000110000
1111111001000011000110000
1111111000100011000110000
1111111000010011000110000
1111110010010011000110000
1111110001100011000110000
1111111000001110000110000
1111111000001100100110000
1111110010001110000110000
1111110010001100100110000
1111110001001110000110000
1111110001001100100110000
1111111110000000011100000
1111111110000000011001000
1111111100100000011100000
1111111100100000011001000
1111111100010000011100000
1111111100010000011001000
1111111100001000011100000
1111111100001000011001000
1111111001001000011100000
1111111001001000011001000
1111111000110000011100000
1111111000110000011001000
1111111100000100011100000
1111111100000100011001000
1111111001000100011100000
1111111001000100011001000
1111111000100100011100000
1111111000100100011001000
1111111000011000011100000
1111111000011000011001000
1111110010011000011100000
1111110010011000011001000
1111111100000010011100000
1111111100000010011001000
1111111001000010011100000
1111111001000010011001000
1111111000100010011100000
1111111000100010011001000
1111111000010010011100000
1111111000010010011001000
1111110010010010011100000
1111110010010010011001000
1111110001100010011100000
1111110001100010011001000
1111111000001100011100000
1111111000001100011001000
1111110010001100011100000
1111110010001100011001000
1111110001001100011100000
1111110001001100011001000
1111110000111000011100000
1111110000111000011001000
1111110000110010011100000
1111110000110010011001000
1111100100111000011100000
1111100100111000011001000
1111100100110010011100000
1111100100110010011001000
1111111100000001111000000
1111111100000001110010000
1111111100000001110001000
1111111001000001111000000
1111111001000001110010000
1111111001000001110001000
1111111000100001111000000
1111111000100001110010000
1111111000100001110001000
1111111000010001111000000
1111111000010001110010000
1111111000010001110001000
1111110010010001111000000
1111110010010001110010000
1111110010010001110001000
1111110001100001111000000
1111110001100001110010000
1111110001100001110001000
1111111000001001111000000
1111111000001001110010000
1111111000001001110001000
1111110010001001111000000
1111110010001001110010000
1111110010001001110001000
1111110001001001111000000
1111110001001001110010000
1111110001001001110001000
1111110000110001111000000
1111110000110001110010000
1111110000110001110001000
1111100100110001111000000
1111100100110001110010000
1111100100110001110001000
1111111000000111110000000
1111111000000111100100000
1111111000000111100010000
1111111000000111100001000
1111111000000111001001000
1111111000000111000110000
1111110010000111110000000
1111110010000111100100000
1111110010000111100010000
1111110010000111100001000
1111110010000111001001000
1111110010000111000110000
1111110001000111110000000
1111110001000111100100000
1111110001000111100010000
1111110001000111100001000
1111110001000111001001000
1111110001000111000110000
1111110000100111110000000
1111110000100111100100000
1111110000100111100010000
1111110000100111100001000
1111110000100111001001000
1111110000100111000110000
1111100100100111110000000
1111100100100111100100000
1111100100100111100010000
1111100100100111100001000
1111100100100111001001000
1111100100100111000110000
1111100011000111110000000
1111100011000111100100000
1111100011000111100010000
1111100011000111100001000
1111100011000111001001000
1111100011000111000110000
1111111111100000000000100
1111111111001000000000100
1111111111000100000000100
1111111111000010000000100
1111111110010010000000100
1111111110001100000000100
1111111111000001000000100
1111111110010001000000100
1111111110001001000000100
1111111110000110000000100
1111111100100110000000100
1111111111000000100000100
1111111110010000100000100
1111111110001000100000100
1111111110000100100000100
1111111100100100100000100
1111111100011000100000100
1111111110000011000000100
1111111100100011000000100
1111111100010011000000100
1111111100001110000000100
1111111100001100100000100
1111111001001110000000100
1111111001001100100000100
1111111111000000010000100
1111111110010000010000100
1111111110001000010000100
1111111110000100010000100
1111111100100100010000100
1111111100011000010000100
1111111110000010010000100
1111111100100010010000100
1111111100010010010000100
1111111100001100010000100
1111111001001100010000100
1111111110000001100000100
1111111100100001100000100
1111111100010001100000100
1111111100001001100000100
1111111001001001100000100
1111111000110001100000100
1111111100000111000000100
1111111100000110010000100
1111111001000111000000100
1111111001000110010000100
1111111000100111000000100
1111111000100110010000100
1111111111000000001000100
1111111110010000001000100
1111111110001000001000100
1111111110000100001000100
1111111100100100001000100
1111111100011000001000100
1111111110000010001000100
1111111100100010001000100
1111111100010010001000100
1111111100001100001000100
1111111001001100001000100
1111111110000001001000100
1111111100100001001000100
1111111100010001001000100
1111111100001001001000100
1111111001001001001000100
1111111000110001001000100
1111111100000110001000100
1111111001000110001000100
1111111000100110001000100
1111111000011100001000100
1111111000011001001000100
1111110010011100001000100
1111110010011001001000100
1111111110000000110000100
1111111100100000110000100
1111111100010000110000100
1111111100001000110000100
1111111001001000110000100
1111111000110000110000100
1111111100000100110000100
1111111001000100110000100
1111111000100100110000100
1111111000011000110000100
1111110010011000110000100
1111111100000011100000100
1111111100000011001000100
1111111001000011100000100
1111111001000011001000100
1111111000100011100000100
1111111000100011001000100
1111111000010011100000100
1111111000010011001000100
1111110010010011100000100
1111110010010011001000100
1111110001100011100000100
1111110001100011001000100
1111111000001111000000100
1111111000001110010000100
1111111000001110001000100
1111110010001111000000100
1111110010001110010000100
1111110010001110001000100
1111110001001111000000100
1111110001001110010000100
1111110001001110001000100
1111111111000000000100100
1111111110010000000100100
1111111110001000000100100
1111111110000100000100100
1111111100100100000100100
1111111100011000000100100
1111111110000010000100100
1111111100100010000100100
1111111100010010000100100
1111111100001100000100100
1111111001001100000100100
1111111110000001000100100
1111111100100001000100100
1111111100010001000100100
1111111100001001000100100
1111111001001001000100100
1111111000110001000100100
1111111100000110000100100
1111111001000110000100100
1111111000100110000100100
1111111000011100000100100
1111111000011001000100100
1111110010011100000100100
1111110010011001000100100
1111111110000000100100100
1111111100100000100100100
1111111100010000100100100
1111111100001000100100100
1111111001001000100100100
1111111000110000100100100
1111111100000100100100100
1111111001000100100100100
1111111000100100100100100
1111111000011000100100100
1111110010011000100100100
1111111100000011000100100
1111111001000011000100100
1111111000100011000100100
1111111000010011000100100
1111110010010011000100100
1111110001100011000100100
1111111000001110000100100
1111111000001100100100100
1111110010001110000100100
1111110010001100100100100
1111110001001110000100100
1111110001001100100100100
1111111110000000011000100
1111111100100000011000100
1111111100010000011000100
1111111100001000011000100
1111111001001000011000100
1111111000110000011000100
1111111100000100011000100
1111111001000100011000100
1111111000100100011000100
1111111000011000011000100
1111110010011000011000100
1111111100000010011000100
1111111001000010011000100
1111111000100010011000100
1111111000010010011000100
1111110010010010011000100
1111110001100010011000100
1111111000001100011000100
1111110010001100011000100
1111110001001100011000100
1111110000111000011000100
1111110000110010011000100
1111100100111000011000100
1111100100110010011000100
1111111100000001110000100
1111111100000001100100100
1111111001000001110000100
1111111001000001100100100
1111111000100001110000100
1111111000100001100100100
1111111000010001110000100
1111111000010001100100100
1111110010010001110000100
1111110010010001100100100
1111110001100001110000100
1111110001100001100100100
1111111000001001110000100
1111111000001001100100100
1111110010001001110000100
1111110010001001100100100
1111110001001001110000100
1111110001001001100100100
1111110000110001110000100
1111110000110001100100100
1111100100110001110000100
1111100100110001100100100
1111111000000111100000100
1111111000000111001000100
1111111000000111000100100
1111110010000111100000100
1111110010000111001000100
1111110010000111000100100
1111110001000111100000100
1111110001000111001000100
1111110001000111000100100
1111110000100111100000100
1111110000100111001000100
1111110000100111000100100
1111100100100111100000100
1111100100100111001000100
1111100100100111000100100
1111100011000111100000100
1111100011000111001000100
1111100011000111000100100
1111111111000000000011000
1111111110010000000011000
1111111110001000000011000
1111111110000100000011000
1111111100100100000011000
1111111100011000000011000
1111111110000010000011000
1111111100100010000011000
1111111100010010000011000
1111111100001100000011000
1111111001001100000011000
1111111110000001000011000
1111111100100001000011000
1111111100010001000011000
1111111100001001000011000
1111111001001001000011000
1111111000110001000011000
1111111100000110000011000
1111111001000110000011000
1111111000100110000011000
1111111000011100000011000
1111111000011001000011000
1111110010011100000011000
1111110010011001000011000
1111111110000000100011000
1111111100100000100011000
1111111100010000100011000
1111111100001000100011000
1111111001001000100011000
1111111000110000100011000
1111111100000100100011000
1111111001000100100011000
1111111000100100100011000
1111111000011000100011000
1111110010011000100011000
1111111100000011000011000
1111111001000011000011000
1111111000100011000011000
1111111000010011000011000
1111110010010011000011000
1111110001100011000011000
1111111000001110000011000
1111111000001100100011000
1111110010001110000011000
1111110010001100100011000
1111110001001110000011000
1111110001001100100011000
1111111110000000010011000
1111111100100000010011000
1111111100010000010011000
1111111100001000010011000
1111111001001000010011000
1111111000110000010011000
1111111100000100010011000
1111111001000100010011000
1111111000100100010011000
1111111000011000010011000
1111110010011000010011000
1111111100000010010011000
1111111001000010010011000
1111111000100010010011000
1111111000010010010011000
1111110010010010010011000
1111110001100010010011000
1111111000001100010011000
1111110010001100010011000
1111110001001100010011000
1111110000111000010011000
1111110000110010010011000
1111100100111000010011000
1111100100110010010011000
1111111100000001100011000
1111111001000001100011000
1111111000100001100011000
1111111000010001100011000
1111110010010001100011000
1111110001100001100011000
1111111000001001100011000
1111110010001001100011000
1111110001001001100011000
1111110000110001100011000
1111100100110001100011000
1111111000000111000011000
1111111000000110010011000
1111110010000111000011000
1111110010000110010011000
1111110001000111000011000
1111110001000110010011000
1111110000100111000011000
1111110000100110010011000
1111100100100111000011000
1111100100100110010011000
1111100011000111000011000
1111100011000110010011000
1111110000011110000011000
1111110000011100100011000
1111110000011100010011000
1111100100011110000011000
1111100100011100100011000
1111100100011100010011000
1111100010011110000011000
1111100010011100100011000
1111100010011100010011000
1111111110000000001110000
1111111110000000001100100
1111111100100000001110000
1111111100100000001100100
1111111100010000001110000
1111111100010000001100100
1111111100001000001110000
1111111100001000001100100
1111111001001000001110000
1111111001001000001100100
1111111000110000001110000
1111111000110000001100100
1111111100000100001110000
1111111100000100001100100
1111111001000100001110000
1111111001000100001100100
1111111000100100001110000
1111111000100100001100100
1111111000011000001110000
1111111000011000001100100
1111110010011000001110000
1111110010011000001100100
1111111100000010001110000
1111111100000010001100100
1111111001000010001110000
1111111001000010001100100
1111111000100010001110000
1111111000100010001100100
1111111000010010001110000
1111111000010010001100100
1111110010010010001110000
1111110010010010001100100
1111110001100010001110000
1111110001100010001100100
1111111000001100001110000
1111111000001100001100100
1111110010001100001110000
1111110010001100001100100
1111110001001100001110000
1111110001001100001100100
1111110000111000001110000
1111110000111000001100100
1111110000110010001110000
1111110000110010001100100
1111100100111000001110000
1111100100111000001100100
1111100100110010001110000
1111100100110010001100100
1111111100000001001110000
1111111100000001001100100
1111111001000001001110000
1111111001000001001100100
1111111000100001001110000
1111111000100001001100100
1111111000010001001110000
1111111000010001001100100
1111110010010001001110000
1111110010010001001100100
1111110001100001001110000
1111110001100001001100100
1111111000001001001110000
1111111000001001001100100
1111110010001001001110000
1111110010001001001100100
1111110001001001001110000
1111110001001001001100100
1111110000110001001110000
1111110000110001001100100
1111100100110001001110000
1111100100110001001100100
1111111000000110001110000
1111111000000110001100100
1111110010000110001110000
1111110010000110001100100
1111110001000110001110000
1111110001000110001100100
1111110000100110001110000
1111110000100110001100100
1111100100100110001110000
1111100100100110001100100
1111100011000110001110000
1111100011000110001100100
1111110000011100001110000
1111110000011100001100100
1111110000011001001110000
1111110000011001001100100
1111100100011100001110000
1111100100011100001100100
1111100100011001001110000
1111100100011001001100100
1111100010011100001110000
1111100010011100001100100
1111100010011001001110000
1111100010011001001100100
1111111100000000111100000
1111111100000000111001000
1111111100000000111000100
1111111001000000111100000
1111111001000000111001000
1111111001000000111000100
1111111000100000111100000
1111111000100000111001000
1111111000100000111000100
1111111000010000111100000
1111111000010000111001000
1111111000010000111000100
1111110010010000111100000
1111110010010000111001000
1111110010010000111000100
1111110001100000111100000
1111110001100000111001000
1111110001100000111000100
1111111000001000111100000
1111111000001000111001000
1111111000001000111000100
1111110010001000111100000
1111110010001000111001000
1111110010001000111000100
1111110001001000111100000
1111110001001000111001000
1111110001001000111000100
1111110000110000111100000
1111110000110000111001000
1111110000110000111000100
1111100100110000111100000
1111100100110000111001000
1111100100110000111000100
1111111000000100111100000
1111111000000100111001000
1111111000000100111000100
1111110010000100111100000
1111110010000100111001000
1111110010000100111000100
1111110001000100111100000
1111110001000100111001000
1111110001000100111000100
1111110000100100111100000
1111110000100100111001000
1111110000100100111000100
1111100100100100111100000
1111100100100100111001000
1111100100100100111000100
1111100011000100111100000
1111100011000100111001000
1111100011000100111000100
1111110000011000111100000
1111110000011000111001000
1111110000011000111000100
1111100100011000111100000
1111100100011000111001000
1111100100011000111000100
1111100010011000111100000
1111100010011000111001000
1111100010011000111000100
1111100001110000111100000
1111100001110000111001000
1111100001110000111000100
1111100001100100111100000
1111100001100100111001000
1111100001100100111000100
1111001001110000111100000
1111001001110000111001000
1111001001110000111000100
1111001001100100111100000
1111001001100100111001000
1111001001100100111000100
1111111000000011111000000
1111111000000011110010000
1111111000000011110001000
1111111000000011110000100
1111111000000011100100100
1111111000000011100011000
1111110010000011111000000
1111110010000011110010000
1111110010000011110001000
1111110010000011110000100
1111110010000011100100100
1111110010000011100011000
1111110001000011111000000
1111110001000011110010000
1111110001000011110001000
1111110001000011110000100
1111110001000011100100100
1111110001000011100011000
1111110000100011111000000
1111110000100011110010000
1111110000100011110001000
1111110000100011110000100
1111110000100011100100100
1111110000100011100011000
1111100100100011111000000
1111100100100011110010000
1111100100100011110001000
1111100100100011110000100
1111100100100011100100100
1111100100100011100011000
1111100011000011111000000
1111100011000011110010000
1111100011000011110001000
1111100011000011110000100
1111100011000011100100100
1111100011000011100011000
1111110000010011111000000
1111110000010011110010000
1111110000010011110001000
1111110000010011110000100
1111110000010011100100100
1111110000010011100011000
1111100100010011111000000
1111100100010011110010000
1111100100010011110001000
1111100100010011110000100
1111100100010011100100100
1111100100010011100011000
1111100010010011111000000
1111100010010011110010000
1111100010010011110001000
1111100010010011110000100
1111100010010011100100100
1111100010010011100011000
1111100001100011111000000
1111100001100011110010000
1111100001100011110001000
1111100001100011110000100
1111100001100011100100100
1111100001100011100011000
1111001001100011111000000
1111001001100011110010000
1111001001100011110001000
1111001001100011110000100
1111001001100011100100100
1111001001100011100011000
