11111111000000000
11111110010000000
11111110001000000
11111110000100000
11111100100100000
11111100011000000
11111110000010000
11111100100010000
11111100010010000
11111100001100000
11111001001100000
11111110000001000
11111100100001000
11111100010001000
11111100001001000
11111001001001000
11111000110001000
11111100000110000
11111001000110000
11111000100110000
11111000011100000
11111000011001000
11110010011100000
11110010011001000
11111110000000100
11111100100000100
11111100010000100
11111100001000100
11111001001000100
11111000110000100
11111100000100100
11111001000100100
11111000100100100
11111000011000100
11110010011000100
11111100000011000
11111001000011000
11111000100011000
11111000010011000
11110010010011000
11110001100011000
11111000001110000
11111000001100100
11110010001110000
11110010001100100
11110001001110000
11110001001100100
