1111111110000000000
1111111100100000000
1111111100010000000
1111111100001000000
1111111001001000000
1111111000110000000
1111111100000100000
1111111001000100000
1111111000100100000
1111111000011000000
1111110010011000000
1111111100000010000
1111111001000010000
1111111000100010000
1111111000010010000
1111110010010010000
1111110001100010000
1111111000001100000
1111110010001100000
1111110001001100000
1111110000111000000
1111110000110010000
1111100100111000000
1111100100110010000
1111111100000001000
1111111001000001000
1111111000100001000
1111111000010001000
1111110010010001000
1111110001100001000
1111111000001001000
1111110010001001000
1111110001001001000
1111110000110001000
1111100100110001000
1111111000000110000
1111110010000110000
1111110001000110000
1111110000100110000
1111100100100110000
1111100011000110000
1111110000011100000
1111110000011001000
1111100100011100000
1111100100011001000
1111100010011100000
1111100010011001000
1111111100000000100
1111111001000000100
1111111000100000100
1111111000010000100
1111110010010000100
1111110001100000100
1111111000001000100
1111110010001000100
1111110001001000100
1111110000110000100
1111100100110000100
1111111000000100100
1111110010000100100
1111110001000100100
1111110000100100100
1111100100100100100
1111100011000100100
1111110000011000100
1111100100011000100
1111100010011000100
1111100001110000100
1111100001100100100
1111001001110000100
1111001001100100100
1111111000000011000
1111110010000011000
1111110001000011000
1111110000100011000
1111100100100011000
1111100011000011000
1111110000010011000
1111100100010011000
1111100010010011000
1111100001100011000
1111001001100011000
1111110000001110000
1111110000001100100
1111100100001110000
1111100100001100100
1111100010001110000
1111100010001100100
1111100001001110000
1111100001001100100
1111001001001110000
1111001001001100100
1111000110001110000
1111000110001100100
1111100000111100000
1111100000111001000
1111100000111000100
1111001000111100000
1111001000111001000
1111001000111000100
1111000100111100000
1111000100111001000
1111000100111000100
